shop = 2	Aubury's_Magic_Store			2	2	9075	1000	554	1000000	555	1000000	556	1000000	557	1000000	558	1000000	559	1000000	562	1000000	563	1000000	565	1000000	561	1000000	560	1000000	1381	20	1383	20	1385	20	1387	20	4170	100	4089	200	4091	200	4093	200	4095	200	4097	200	2415	100	2416	100	2417	100	4099	200	4101	200	4103	200	4105	200	4107	200	6109	200	6107	200	6108	200	4109	200	4111	200	4113	200	4115	200	4117	200	6111	200	6110	200	6106	200
shop = 7	Stall_Items	2	2	1897	1	950	1	1635	1	7650	1	1613	1
shop = 3	Archer_Store	2	2	882	50000	884	50000	886	50000	888	50000	890	50000	892	50000	841	200	843	200	849	200	853	200	857	200	861	200	1129	200	1133	200	1095	200	1135	200	1099	200	1065	200	2499	200	2493	200	2487	200	2501	200	2495	200	2489	200	9185	200	9140	10000	9141	10000	9142	10000	15243	10000
shop = 4	Armour_Store	2	2	1153	100	1115	100	1067	100	1191	100	1157	100	1119	100	1069	100	1193	100	1165	100	1125	100	1077	100	1195	100	1159	100	1121	100	1071	100	1197	100	1161	100	1123	100	1073	100	1199	100	1163	100	1127	100	1079	100	1201	100	3749	100	3751	100	3753	100	3755	100	10828	100	5574	100	5575	100	5576	100
shop = 5	Pure_Supply_Shop	2	2	6528	10000	4153	10000	656	100	658	100	660	100	662	100	664	100	2651	100	8950	100	4502	100	7003	100	6107	100	6108	100	6109	100	7394	100	7396	100	6188	100	542	100	544	100	6568	10000	7458	10000	7459	10000	7460	10000	3840	10000	3841	10000	3843	10000
shop = 6	Pk_Supply_Shop	2	2	3041	1000	2445	1000	386	1000	6686	50	2441	50	2437	50	2443	50	2435	50	3025	50	2447	50	3751	500	3753	500	10828	500	3105	500	4131	500	1079	500	1113	500	1093	500	1127	500	1712	500	1215	500	4587	500	1333	500	1163	500	1319	500	1305	500	1373	1000	9185	500	9241	1000	9243	1000	892	1000	2491	500	2497	500	2503	500	1725	500	2550	500	861	500
shop = 8	Skilling_Store	2	2	7937	100000	1437	100000	952	100	590	100	1755	100	2347	100	946	100	1349	100	1359	100	1267	100	1275	100	228	100000	1623	10000	1621	10000	1619	10000	1617	10000	1631	10000	1745	10000	2505	10000	2507	10000	2509	10000	1733	1000	303	1000	311	1000	301	1000	305	1000
shop = 9	santa	2	2	14595	1	14602	1	14603	1	14605	1
shop = 17	Mage_Arena_Store	2	2	6889	1	6914	1	6920	1	6918	1	6916	1	6924	1	6922	1
shop = 18	Pest_Control_Shop	2	2	8839	1	8840	1	11663	1	11664	1	11665	1	10551	1	10499	1	8842	1	8845	1	8846	1	8847	1	8848	1	8849	1	8850	1	7462	1	20072	1
shop = 19	Donator_Supply_Shop	2	2	6856	50	6857	50	6858	50	6859	50	6860	50	6861	50	6861	50	6862	50	6863	60	2462	50	2464	50	2466	50	2468	50	2470	50	2462	50	392	150000	9075	5000	6666	5000	7534	5000	2651	5000	2635	5000
shop = 20	Super_Donator_Supply_Shop	2	2	6335	25	6337	25	6339	25	3140	25	4087	25	4585	25	11335	25	15021	25	15022	25	15024	25	15025	25	15026	25	13672	25	13673	25	13674	25	13675	25	13676	25	15243	10000
shop = 22	Assault_Shop	2	2	8844	10	8845	10	8846	10	8847	10	8848	10	8849	10	8850	10	10499	10	6570	10	10551	10	10548	10	7462	10	7398	10	7399	10	7400	10	8839	10	8840	10	8842	10	11664	10	11665	10	11663	10	13876	10	13870	10	13873	10
shop = 23	Skiller_Shop	2	2	6341	10	6343	10	6345	10	6351	10	6353	10	6355	10	6361	10	6363	10	6365	10	6371	10	6373	10	6375	10	6107	10	6108	10
shop = 24	Vote_point_shop	2	2	6570	1	15332	100	19335	1	10548	1	14499	1	14497	1	14501	1	11730	1	1052	1	11335	1	3488	1	3486	1	3483	1	3481	1	2577	1	2581	1	10364	1	10366	1	4214	1	4224	1	13867	1	13864	1	13858	1	13861	1	13876	1	13870	1	13873	1	17273	1	7158	1	7668	1
shop = 25	Slayer_Shop	2	2	13263	10000	15490	10000	15488	10000	7053	10000
shop = 26	Fishing_Store	2	2	314	150	313	150	309	50	307	50	301	50	311	50	303	50	305	50
shop = 27	Summoning_Shop	2	2	2859	1	2138	1	6291	1	3363	1	440	1	6319	1	1783	1	3095	1	2134	1	3138	1	6032	1	9976	1	3325	1	12156	1	1519	1	2349	1	6010	1	13572	1	12153	1	12109	1	2351	1	590	1	1635	1	2132	1	9978	1	12168	1	1937	1	2353	1	311	1	10099	1	10103	1	10095	1	6667	1	9735	1	12168	1	6287	1	8431	1	2150	1	7939	1	383	1	1963	1	1933	1	10117	1	14616	1	12168	1	6979	1	6981	1	2460	1	2361	1	10020	1	12162	1	5933	1	1442	1	1438	1	1440	1	571	1	6155	1			
shop = 40	Christmas_Shop	2	2	14595	1	14602	1	14603	1	14605	1
shop = 69	Zombie_Exchange_Shop	2	2	3204	1	1377	1	16755	1	16865	1	16931	1	17017	1	16195	1	17237	1	14490	1	14492	1	14494	1	19336	1	19337	1	19338	1	19339	1	19340	1
shop = 70	Zombie_Invasion_Shop	2	2	16693	50	17241	50	16671	50	16933	500	16407	5	16937	5	16385	5	18167	1250		
shop = 71	Zombie_Destruction_Shop	2	2	16699	50	17247	50	16677	50	16413	5	16943	5	16961	5
shop = 72	Zombie_Decimation_Shop	2	2	16701	50	17249	50	16679	50	16415	5	16945	5	16963	5
shop = 73	Zombie_Anihilation_Shop	2	2	16703	50	17251	50	16681	50	16417	5	16947	5	16965	5
shop = 74	Zombie_Obliteration_Shop	2	2	16705	50	17253	50	16683	50	16419	5	16949	5	16967	5	18175	1250
shop = 75	Easter_Shop	2	2	1961	100	4565	100	7927	100	1037	100
shop = 76	Bandit_Shop	2	2	4627	100	1833	100	1835	100	1837	100	4611	100	6384	100	6386	100
shop = 77	Donate_Point_Exchange_Shop_1	2	2	1042	100	1048	100	1038	100	1044	100	1040	100	1046	100	1057	100	1055	100	1053	100	11696	100	11694	100	11698	100	11700	100	14484	100	15001	100	15241	100	13740	100	2528	100	11235	100	15220	100	11283	100	19780	100	10887	100	15038	100	15037	100	15039	100	15041	100	15040	100	19342	100	1050	100
shop = 78	Donate_Point_Exchange_Shop_2	2	2	13887	100	13893	100	13899	100	13905	100	13890	100	13884	100	13896	100	13902	100	11724	100	11726	100	11728	100	20135	100	20139	100	20143	100	20159	100	20163	100	20167	100	11718	100	11720	100	11722	100	20151	100	20147	100	20155	100*/
